[200~w	PL(all)
0.001	0.0000000520
0.012684474	0.0000006619
0.024368948	0.0000012718
0.036053422	0.0000018825
0.047737896	0.0000024944
0.059422371	0.0000031076
0.071106845	0.0000037224
0.082791319	0.0000043395
0.094475793	0.0000049589
0.106160267	0.0000055811
0.117844741	0.0000062066
0.129529215	0.0000068355
0.141213689	0.0000074684
0.152898164	0.0000081057
0.164582638	0.0000087476
0.176267112	0.0000093945
0.187951586	0.0000100469
0.19963606	0.0000107053
0.211320534	0.0000113699
0.223005008	0.0000120415
0.234689482	0.0000127203
0.246373957	0.0000134068
0.258058431	0.0000141015
0.269742905	0.0000148050
0.281427379	0.0000155177
0.293111853	0.0000162402
0.304796327	0.0000169732
0.316480801	0.0000177169
0.328165275	0.0000184722
0.33984975	0.0000192399
0.351534224	0.0000200205
0.363218698	0.0000208146
0.374903172	0.0000216232
0.386587646	0.0000224466
0.39827212	0.0000232865
0.409956594	0.0000241427
0.421641068	0.0000250167
0.433325543	0.0000259094
0.445010017	0.0000268216
0.456694491	0.0000277547
0.468378965	0.0000287095
0.480063439	0.0000296876
0.491747913	0.0000306897
0.503432387	0.0000317176
0.515116861	0.0000327725
0.526801336	0.0000338561
0.53848581	0.0000349697
0.550170284	0.0000361155
0.561854758	0.0000372949
0.573539232	0.0000385103
0.585223706	0.0000397634
0.59690818	0.0000410570
0.608592654	0.0000423931
0.620277129	0.0000437745
0.631961603	0.0000452043
0.643646077	0.0000466852
0.655330551	0.0000482209
0.667015025	0.0000498150
0.678699499	0.0000514712
0.690383973	0.0000531940
0.702068447	0.0000549882
0.713752922	0.0000568585
0.725437396	0.0000588110
0.73712187	0.0000608515
0.748806344	0.0000629868
0.760490818	0.0000652246
0.772175292	0.0000675729
0.783859766	0.0000700407
0.79554424	0.0000726379
0.807228715	0.0000753762
0.818913189	0.0000782679
0.830597663	0.0000813267
0.842282137	0.0000845684
0.853966611	0.0000880103
0.865651085	0.0000916725
0.877335559	0.0000955772
0.889020033	0.0000997498
0.900704508	0.0001042192
0.912388982	0.0001090187
0.924073456	0.0001141857
0.93575793	0.0001197642
0.947442404	0.0001258044
0.959126878	0.0001323651
0.970811352	0.0001395149
0.982495826	0.0001473350
0.994180301	0.0001559187
1.005864775	0.0001653796
1.017549249	0.0001758514
1.029233723	0.0001874961
1.040918197	0.0002005081
1.052602671	0.0002151255
1.064287145	0.0002316375
1.075971619	0.0002504087
1.087656093	0.0002718855
1.099340568	0.0002966349
1.111025042	0.0003253782
1.122709516	0.0003590423
1.13439399	0.0003988311
1.146078464	0.0004463271
1.157762938	0.0005036382
1.169447412	0.0005736063
1.181131886	0.0006601039
1.192816361	0.0007684691
1.204500835	0.0009061156
1.216185309	0.0010833363
1.227869783	0.0013142481
1.239554257	0.0016173653
1.251238731	0.0020142276
1.262923205	0.0025217125
1.274607679	0.0031292294
1.286292154	0.0037545802
1.297976628	0.0042108881
1.309661102	0.0042864698
1.321345576	0.0039412715
1.33303005	0.0033522172
1.344714524	0.0027313569
1.356398998	0.0021942849
1.368083472	0.0017692009
1.379767947	0.0014446447
1.391452421	0.0011992455
1.403136895	0.0010132008
1.414821369	0.0008710104
1.426505843	0.0007612553
1.438190317	0.0006757043
1.449874791	0.0006084556
1.461559265	0.0005552382
1.47324374	0.0005129433
1.484928214	0.0004792870
1.496612688	0.0004525672
1.508297162	0.0004315063
1.519981636	0.0004151445
1.53166611	0.0004027453
1.543350584	0.0003937527
1.555035058	0.0003877414
1.566719533	0.0003843924
1.578404007	0.0003834720
1.590088481	0.0003848140
1.601772955	0.0003883101
1.613457429	0.0003939063
1.625141903	0.0004015945
1.636826377	0.0004114107
1.648510851	0.0004234373
1.660195326	0.0004378033
1.6718798	0.0004546931
1.683564274	0.0004743488
1.695248748	0.0004970846
1.706933222	0.0005232962
1.718617696	0.0005534908
1.73030217	0.0005883019
1.741986644	0.0006285383
1.753671119	0.0006752242
1.765355593	0.0007296793
1.777040067	0.0007936169
1.788724541	0.0008692753
1.800409015	0.0009596284
1.812093489	0.0010686623
1.823777963	0.0012017829
1.835462437	0.0013663772
1.847146912	0.0015725411
1.858831386	0.0018339039
1.87051586	0.0021679834
1.882200334	0.0025946018
1.893884808	0.0031283758
1.905569282	0.0037587007
1.917253756	0.0044185707
1.92893823	0.0049824505
1.940622705	0.0053592536
1.952307179	0.0056063738
1.963991653	0.0058746888
1.975676127	0.0062438794
1.987360601	0.0066440081
1.999045075	0.0069286843
2.010729549	0.0070450662
2.022414023	0.0070712955
2.034098497	0.0070430098
2.045782972	0.0068500021
2.057467446	0.0063696067
2.06915192	0.0056475147
2.080836394	0.0048626635
2.092520868	0.0041668738
2.104205342	0.0036207569
2.115889816	0.0032243053
2.12757429	0.0029562010
2.139258765	0.0027940632
2.150943239	0.0027211215
2.162627713	0.0027274907
2.174312187	0.0028099009
2.185996661	0.0029714769
2.197681135	0.0032220825
2.209365609	0.0035791643
2.221050083	0.0040688989
2.232734558	0.0047262477
2.244419032	0.0055897503
2.256103506	0.0066826260
2.26778798	0.0079662487
2.279472454	0.0092751005
2.291156928	0.0103144953
2.302841402	0.0108435464
2.314525876	0.0109312331
2.326210351	0.0109365668
2.337894825	0.0112361627
2.349579299	0.0120488799
2.361263773	0.0134242211
2.372948247	0.0152654606
2.384632721	0.0173214854
2.396317195	0.0190875242
2.408001669	0.0197695177
2.419686144	0.0187887427
2.431370618	0.0164360310
2.443055092	0.0135852199
2.454739566	0.0109316233
2.46642404	0.0087490223
2.478108514	0.0070476211
2.489792988	0.0057445644
2.501477462	0.0047463628
2.513161937	0.0039750010
2.524846411	0.0033716268
2.536530885	0.0028932682
2.548215359	0.0025089349
2.559899833	0.0021962023
2.571584307	0.0019387090
2.583268781	0.0017243654
2.594953255	0.0015441612
2.60663773	0.0013912670
2.618322204	0.0012604621
2.630006678	0.0011476997
2.641691152	0.0010498157
2.653375626	0.0009643014
2.6650601	0.0008891533
2.676744574	0.0008227714
2.688429048	0.0007638290
2.700113523	0.0007112563
2.711797997	0.0006641724
2.723482471	0.0006218370
2.735166945	0.0005836339
2.746851419	0.0005490406
2.758535893	0.0005176269
2.770220367	0.0004890121
2.781904841	0.0004628855
2.793589316	0.0004389654
2.80527379	0.0004170198
2.816958264	0.0003968456
2.828642738	0.0003782654
2.840327212	0.0003611254
2.852011686	0.0003452915
2.86369616	0.0003306469
2.875380634	0.0003170898
2.887065109	0.0003045302
2.898749583	0.0002928914
2.910434057	0.0002821059
2.922118531	0.0002721158
2.933803005	0.0002628728
2.945487479	0.0002543366
2.957171953	0.0002464757
2.968856427	0.0002392668
2.980540902	0.0002326968
2.992225376	0.0002267648
3.00390985	0.0002214803
3.015594324	0.0002168719
3.027278798	0.0002129880
3.038963272	0.0002099069
3.050647746	0.0002077438
3.06233222	0.0002066681
3.074016694	0.0002069153
3.085701169	0.0002087927
3.097385643	0.0002126496
3.109070117	0.0002187236
3.120754591	0.0002267323
3.132439065	0.0002351678
3.144123539	0.0002410340
3.155808013	0.0002415979
3.167492487	0.0002372510
3.179176962	0.0002312657
3.190861436	0.0002268747
3.20254591	0.0002258577
3.214230384	0.0002289938
3.225914858	0.0002368038
3.237599332	0.0002500139
3.249283806	0.0002697872
3.26096828	0.0002978591
3.272652755	0.0003365329
3.284337229	0.0003882782
3.296021703	0.0004543221
3.307706177	0.0005314711
3.319390651	0.0006082008
3.331075125	0.0006648348
3.342759599	0.0006812934
3.354444073	0.0006485749
3.366128548	0.0005774774
3.377813022	0.0004920494
3.389497496	0.0004121017
3.40118197	0.0003459818
3.412866444	0.0002942497
3.424550918	0.0002545375
3.436235392	0.0002240654
3.447919866	0.0002004876
3.459604341	0.0001820250
3.471288815	0.0001673805
3.482973289	0.0001556184
3.494657763	0.0001460630
3.506342237	0.0001382231
3.518026711	0.0001317377
3.529711185	0.0001263394
3.541395659	0.0001218266
3.553080134	0.0001180461
3.564764608	0.0001148821
3.576449082	0.0001122446
3.588133556	0.0001100637
3.59981803	0.0001082862
3.611502504	0.0001068707
3.623186978	0.0001057847
3.634871452	0.0001050057
3.646555927	0.0001045157
3.658240401	0.0001043039
3.669924875	0.0001043633
3.681609349	0.0001046922
3.693293823	0.0001052917
3.704978297	0.0001061691
3.716662771	0.0001073335
3.728347245	0.0001087992
3.74003172	0.0001105857
3.751716194	0.0001127155
3.763400668	0.0001152183
3.775085142	0.0001181290
3.786769616	0.0001214898
3.79845409	0.0001253521
3.810138564	0.0001297768
3.821823038	0.0001348373
3.833507513	0.0001406213
3.845191987	0.0001472359
3.856876461	0.0001548088
3.868560935	0.0001634983
3.880245409	0.0001734956
3.891929883	0.0001850387
3.903614357	0.0001984235
3.915298831	0.0002140214
3.926983306	0.0002323009
3.93866778	0.0002538632
3.950352254	0.0002794834
3.962036728	0.0003101745
3.973721202	0.0003472776
3.985405676	0.0003925859
3.99709015	0.0004485270
4.008774624	0.0005184262
4.020459098	0.0006068885
4.032143573	0.0007202970
4.043828047	0.0008674815
4.055512521	0.0010603329
4.067196995	0.0013137376
4.078881469	0.0016428897
4.090565943	0.0020534401
4.102250417	0.0025181115
4.113934891	0.0029452164
4.125619366	0.0031842613
4.13730384	0.0031225829
4.148988314	0.0027937412
4.160672788	0.0023432952
4.172357262	0.0019041491
4.184041736	0.0015387926
4.19572621	0.0012577354
4.207410684	0.0010501769
4.219095159	0.0009005913
4.230779633	0.0007934871
4.242464107	0.0007129951
4.254148581	0.0006433925
4.265833055	0.0005746561
4.277517529	0.0005067982
4.289202003	0.0004450283
4.300886477	0.0003929465
4.312570952	0.0003510671
4.324255426	0.0003182813
4.3359399	0.0002931400
4.347624374	0.0002744121
4.359308848	0.0002612318
4.370993322	0.0002531127
4.382677796	0.0002499302
4.39436227	0.0002519333
4.406046745	0.0002597832
4.417731219	0.0002746247
4.429415693	0.0002981461
4.441100167	0.0003324920
4.452784641	0.0003796399
4.464469115	0.0004394042
4.476153589	0.0005051026
4.487838063	0.0005588952
4.499522538	0.0005766006
4.511207012	0.0005479011
4.522891486	0.0004878854
4.53457596	0.0004208290
4.546260434	0.0003622985
4.557944908	0.0003173855
4.569629382	0.0002858426
4.581313856	0.0002659614
4.592998331	0.0002562448
4.604682805	0.0002559316
4.616367279	0.0002650984
4.628051753	0.0002845639
4.639736227	0.0003155106
4.651420701	0.0003582950
4.663105175	0.0004097163
4.674789649	0.0004592572
4.686474124	0.0004898835
4.698158598	0.0004898855
4.709843072	0.0004640058
4.721527546	0.0004258689
4.73321202	0.0003846759
4.744896494	0.0003438785
4.756580968	0.0003064919
4.768265442	0.0002761388
4.779949917	0.0002550516
4.791634391	0.0002438187
4.803318865	0.0002424501
4.815003339	0.0002512270
4.826687813	0.0002709845
4.838372287	0.0003027937
4.850056761	0.0003465666
4.861741235	0.0003978648
4.87342571	0.0004437998
4.885110184	0.0004646865
4.896794658	0.0004481761
4.908479132	0.0004017114
4.920163606	0.0003440816
4.93184808	0.0002901196
4.943532554	0.0002460408
4.955217028	0.0002121571
4.966901503	0.0001861046
4.978585977	0.0001649733
4.990270451	0.0001468369
5.001954925	0.0001311893
5.013639399	0.0001181036
5.025323873	0.0001074903
5.037008347	0.0000990270
5.048692821	0.0000923256
5.060377295	0.0000870392
5.07206177	0.0000828951
5.083746244	0.0000796895
5.095430718	0.0000772767
5.107115192	0.0000755561
5.118799666	0.0000744633
5.13048414	0.0000739642
5.142168614	0.0000740518
5.153853088	0.0000747458
5.165537563	0.0000760948
5.177222037	0.0000781810
5.188906511	0.0000811288
5.200590985	0.0000851191
5.212275459	0.0000904089
5.223959933	0.0000973586
5.235644407	0.0001064741
5.247328881	0.0001184514
5.259013356	0.0001342123
5.27069783	0.0001548590
5.282382304	0.0001813683
5.294066778	0.0002136459
5.305751252	0.0002486892
5.317435726	0.0002792140
5.3291202	0.0002969580
5.340804674	0.0003003230
5.352489149	0.0002949734
5.364173623	0.0002852907
5.375858097	0.0002709040
5.387542571	0.0002521235
5.399227045	0.0002333121
5.410911519	0.0002195714
5.422595993	0.0002135390
5.434280467	0.0002150385
5.445964942	0.0002211509
5.457649416	0.0002263012
5.46933389	0.0002249487
5.481018364	0.0002164423
5.492702838	0.0002052769
5.504387312	0.0001961240
5.516071786	0.0001906475
5.52775626	0.0001879662
5.539440735	0.0001868334
5.551125209	0.0001875229
5.562809683	0.0001916222
5.574494157	0.0002007764
5.586178631	0.0002162655
5.597863105	0.0002392249
5.609547579	0.0002707293
5.621232053	0.0003114803
5.632916528	0.0003615428
5.644601002	0.0004211966
5.656285476	0.0004920648
5.66796995	0.0005740703
5.679654424	0.0006581008
5.691338898	0.0007239487
5.703023372	0.0007535065
5.714707846	0.0007484838
5.726392321	0.0007270716
5.738076795	0.0007031686
5.749761269	0.0006754190
5.761445743	0.0006351220
5.773130217	0.0005808142
5.784814691	0.0005215809
5.796499165	0.0004689079
5.808183639	0.0004306424
5.819868114	0.0004103522
5.831552588	0.0004091375
5.843237062	0.0004273361
5.854921536	0.0004647177
5.86660601	0.0005186864
5.878290484	0.0005812783
5.889974958	0.0006389070
5.901659432	0.0006777897
5.913343907	0.0006881709
5.925028381	0.0006661501
5.936712855	0.0006208199
5.948397329	0.0005726168
5.960081803	0.0005398651
5.971766277	0.0005323399
5.983450751	0.0005535714
5.995135225	0.0006028541
6.006819699	0.0006724175
6.018504174	0.0007407063
6.030188648	0.0007725957
6.041873122	0.0007419150
6.053557596	0.0006577295
6.06524207	0.0005532055
6.076926544	0.0004555460
6.088611018	0.0003759026
6.100295492	0.0003151097
6.111979967	0.0002700063
6.123664441	0.0002362609
6.135348915	0.0002092743
6.147033389	0.0001852949
6.158717863	0.0001628628
6.170402337	0.0001424813
6.182086811	0.0001248950
6.193771285	0.0001102252
6.20545576	0.0000981350
6.217140234	0.0000881541
6.228824708	0.0000798458
6.240509182	0.0000728557
6.252193656	0.0000669114
6.26387813	0.0000618046
6.275562604	0.0000573752
6.287247078	0.0000535015
6.298931553	0.0000500881
6.310616027	0.0000470599
6.322300501	0.0000443569
6.333984975	0.0000419310
6.345669449	0.0000397429
6.357353923	0.0000377603
6.369038397	0.0000359561
6.380722871	0.0000343083
6.392407346	0.0000327979
6.40409182	0.0000314090
6.415776294	0.0000301279
6.427460768	0.0000289426
6.439145242	0.0000278435
6.450829716	0.0000268215
6.46251419	0.0000258692
6.474198664	0.0000249796
6.485883139	0.0000241471
6.497567613	0.0000233665
6.509252087	0.0000226332
6.520936561	0.0000219431
6.532621035	0.0000212925
6.544305509	0.0000206784
6.555989983	0.0000200977
6.567674457	0.0000195479
6.579358932	0.0000190264
6.591043406	0.0000185317
6.60272788	0.0000180610
6.614412354	0.0000176132
6.626096828	0.0000171868
6.637781302	0.0000167798
6.649465776	0.0000163912
6.66115025	0.0000160199
6.672834725	0.0000156647
6.684519199	0.0000153245
6.696203673	0.0000149985
6.707888147	0.0000146857
6.719572621	0.0000143854
6.731257095	0.0000140969
6.742941569	0.0000138195
6.754626043	0.0000135527
6.766310518	0.0000132956
6.777994992	0.0000130479
6.789679466	0.0000128091
6.80136394	0.0000125786
6.813048414	0.0000123560
6.824732888	0.0000121411
6.836417362	0.0000119332
6.848101836	0.0000117321
6.859786311	0.0000115377
6.871470785	0.0000113492
6.883155259	0.0000111668
6.894839733	0.0000109898
6.906524207	0.0000108182
6.918208681	0.0000106518
6.929893155	0.0000104901
6.941577629	0.0000103334
6.953262104	0.0000101809
6.964946578	0.0000100326
6.976631052	0.0000098887
6.988315526	0.0000097484
7	0.0000096120
